# twoje wyniki powinny zawierać te komentarze
seed=5
liczbaAgentów=100
prawdTowarzyski=0.2
prawdSpotkania=0.1
prawdZarażenia=0.5
prawdWyzdrowienia=0.1
śmiertelność=0.001
liczbaDni=100
śrZnajomych=25

# agents jako: id typ lub id* typ dla chorego
1 zwykły
2 zwykły
3 zwykły
4 zwykły
5 zwykły
6 zwykły
7 zwykły
8 zwykły
9 zwykły
10 zwykły
11 zwykły
12 towarzyski
13 towarzyski
14 towarzyski
15 zwykły
16* zwykły
17 towarzyski
18 zwykły
19 zwykły
20 zwykły
21 zwykły
22 zwykły
23 zwykły
24 zwykły
25 zwykły
26 zwykły
27 zwykły
28 zwykły
29 towarzyski
30 towarzyski
31 zwykły
32 zwykły
33 zwykły
34 towarzyski
35 zwykły
36 towarzyski
37 towarzyski
38 zwykły
39 zwykły
40 zwykły
41 zwykły
42 zwykły
43 zwykły
44 towarzyski
45 zwykły
46 zwykły
47 towarzyski
48 zwykły
49 zwykły
50 zwykły
51 zwykły
52 zwykły
53 zwykły
54 towarzyski
55 zwykły
56 zwykły
57 zwykły
58 zwykły
59 zwykły
60 towarzyski
61 zwykły
62 zwykły
63 zwykły
64 zwykły
65 zwykły
66 zwykły
67 zwykły
68 zwykły
69 zwykły
70 zwykły
71 zwykły
72 towarzyski
73 towarzyski
74 towarzyski
75 zwykły
76 zwykły
77 zwykły
78 zwykły
79 zwykły
80 zwykły
81 zwykły
82 zwykły
83 towarzyski
84 towarzyski
85 zwykły
86 towarzyski
87 zwykły
88 towarzyski
89 zwykły
90 zwykły
91 zwykły
92 zwykły
93 zwykły
94 zwykły
95 zwykły
96 towarzyski
97 zwykły
98 zwykły
99 zwykły
100 zwykły

# graph
1 9 19 80 4 44 49 98 3 68 63 99 94 91 92 76 33 32 53 84 6 100 64 
2 3 30 14 53 75 11 61 22 31 72 50 94 17 69 91 7 43 97 65 51 57 77 15 5 92 90 46 9 
3 2 28 78 20 99 57 1 10 88 68 82 37 34 12 93 22 100 6 89 19 
4 26 16 20 1 63 24 55 88 74 36 98 49 48 78 62 94 99 41 30 29 56 57 
5 62 27 54 44 39 49 61 28 40 77 66 87 21 97 31 23 36 10 98 86 80 13 22 90 64 2 50 
6 62 93 94 81 88 23 51 82 10 50 52 100 98 59 49 56 87 60 3 1 46 16 68 76 79 
7 87 30 73 92 97 53 21 25 72 58 63 42 68 96 54 2 35 100 78 55 31 
8 27 49 83 41 74 63 24 23 64 65 19 59 54 14 78 26 69 38 18 47 53 34 92 89 42 
9 25 77 98 31 96 1 42 48 97 54 87 26 63 69 41 81 64 60 65 75 94 14 28 2 32 59 45 80 
10 71 31 18 76 27 6 3 85 90 100 14 62 55 17 39 5 42 22 58 35 56 51 59 
11 93 73 85 75 2 54 70 76 34 53 15 49 46 72 37 45 61 13 62 89 59 24 17 31 26 67 69 16 22 100 
12 72 71 47 27 70 49 96 94 78 24 79 63 21 3 33 17 55 83 31 95 80 
13 52 22 77 96 57 47 25 37 16 79 45 11 34 33 38 18 44 5 15 39 
14 2 21 65 76 44 93 72 79 73 89 17 25 47 66 39 10 32 97 8 50 92 35 9 34 24 41 95 77 88 61 
15 33 96 81 30 51 35 59 61 11 49 28 44 73 63 56 26 47 2 13 32 53 67 40 
16 99 23 70 4 22 13 98 40 38 60 59 27 96 74 35 92 49 11 33 6 64 80 
17 29 97 27 98 20 14 62 32 43 52 41 48 71 2 60 11 10 56 12 73 82 87 19 90 25 51 100 
18 42 19 83 10 85 26 29 38 99 51 98 35 84 8 13 49 64 88 97 43 68 
19 77 18 60 100 91 1 64 89 72 20 26 41 88 8 75 76 63 51 74 52 55 68 33 45 70 17 61 48 42 3 
20 49 95 3 4 72 17 34 33 84 37 31 63 58 19 99 62 91 97 86 55 59 92 60 40 57 
21 14 82 77 22 7 30 52 92 5 98 80 12 100 55 74 59 29 71 91 53 37 79 67 96 88 
22 13 38 36 58 2 21 16 98 63 43 24 97 89 35 3 10 5 40 69 11 95 70 83 
23 84 72 29 16 34 6 63 43 88 8 96 5 87 33 61 54 55 75 91 28 92 
24 70 46 43 27 8 4 78 80 99 12 83 61 52 51 22 36 11 64 50 25 66 14 58 42 
25 9 41 56 76 26 13 39 32 43 7 82 14 80 69 86 77 48 49 98 78 65 27 24 72 17 79 44 
26 97 49 4 80 50 25 42 100 9 18 87 92 19 39 99 48 98 43 64 8 15 44 11 32 31 83 94 53 
27 89 5 82 8 12 65 75 17 10 49 70 24 40 16 83 85 33 80 56 41 51 25 59 77 55 61 32 
28 29 71 3 86 78 5 36 70 60 15 92 43 73 58 79 50 32 9 23 33 
29 28 59 80 17 75 23 92 63 77 70 73 78 47 74 89 85 18 84 21 98 51 69 4 66 95 
30 2 98 7 78 15 21 89 35 83 95 34 81 54 94 57 67 82 100 4 86 41 71 60 
31 71 98 10 9 50 2 20 52 81 92 60 45 65 96 5 54 40 84 11 43 26 73 58 7 12 41 74 53 93 
32 67 46 50 65 34 25 17 75 79 63 91 78 14 37 41 81 98 44 26 1 28 72 62 68 92 64 53 15 9 33 27 
33 79 93 15 65 83 20 71 74 49 96 41 86 69 23 27 92 13 12 1 42 75 97 61 91 19 55 89 16 82 28 78 32 
34 75 43 90 20 23 32 11 72 80 30 3 46 13 62 85 8 63 14 52 79 74 
35 88 15 98 37 84 71 30 59 18 16 87 22 7 68 10 14 90 80 79 54 
36 83 65 63 22 100 95 44 28 89 92 52 75 40 4 5 59 24 74 46 72 94 57 68 45 58 
37 79 13 20 35 82 74 49 47 11 100 83 3 48 32 62 86 21 64 68 
38 22 94 44 68 82 64 42 43 39 96 51 16 18 89 56 13 8 93 63 74 
39 64 55 45 5 25 38 87 81 14 26 74 10 95 84 52 76 68 13 75 99 62 
40 76 89 41 69 59 16 84 5 100 53 27 95 82 47 58 36 31 74 56 44 81 98 22 20 68 50 51 42 15 
41 45 79 25 74 69 61 49 67 40 46 8 54 68 78 85 19 94 17 33 9 32 98 27 90 42 4 30 31 66 14 43 
42 18 69 51 9 38 70 26 48 80 81 7 65 64 33 10 82 41 24 40 8 77 54 19 
43 96 34 69 38 24 76 25 60 57 78 17 23 68 53 22 61 99 26 28 2 31 18 100 90 41 
44 88 83 5 55 38 14 84 100 36 1 86 64 15 75 78 59 40 32 26 13 93 56 54 89 25 
45 61 41 39 93 68 90 85 13 31 11 51 52 49 98 57 59 78 53 19 54 60 36 56 9 80 
46 64 83 32 24 41 86 89 75 11 93 97 81 67 63 98 34 36 57 59 54 55 80 6 2 49 
47 93 12 13 82 75 88 72 29 14 37 40 78 50 59 67 96 15 98 8 81 60 74 58 
48 78 85 9 83 42 52 17 99 55 4 37 26 86 25 89 53 56 19 64 
49 20 54 85 5 26 87 95 41 8 12 55 52 27 1 94 37 33 11 15 72 4 91 45 6 18 25 16 46 
50 93 89 86 52 31 84 26 67 32 6 2 69 91 79 47 74 14 28 83 24 88 95 80 81 40 62 64 5 
51 95 42 15 56 73 6 38 77 45 18 24 88 57 19 90 67 89 72 2 27 10 29 74 17 40 
52 13 50 73 95 49 82 48 80 31 75 21 6 36 17 24 86 45 79 64 19 39 71 77 78 85 34 61 
53 2 70 55 7 67 40 11 57 43 62 79 21 87 8 76 45 1 48 100 61 32 15 31 99 26 83 
54 49 5 75 92 73 11 70 41 9 80 94 99 68 31 82 8 7 88 23 46 30 63 62 60 45 44 100 42 35 69 
55 65 39 44 77 67 49 53 84 4 72 48 21 10 23 90 12 66 79 7 19 61 46 20 33 93 27 94 
56 83 25 51 60 66 99 65 100 38 79 84 40 15 17 27 87 6 58 62 10 86 48 68 44 93 4 45 
57 70 73 13 94 3 99 43 92 53 51 46 61 45 30 2 36 20 79 4 98 
58 22 87 100 78 7 20 91 73 40 84 28 56 10 31 24 47 99 36 
59 29 96 93 82 99 15 40 94 16 35 80 11 44 36 8 21 68 47 6 46 100 45 20 66 81 10 27 9 95 
60 19 99 65 62 82 76 56 78 31 43 28 16 91 88 17 89 73 9 47 6 54 100 20 93 45 90 94 30 
61 45 41 66 5 2 68 89 15 62 24 11 43 23 57 75 55 33 53 19 100 52 27 14 
62 5 6 74 60 99 93 17 66 61 53 10 11 80 20 4 34 90 37 56 32 54 100 79 50 65 39 
63 36 76 67 99 29 4 69 8 66 23 9 20 22 82 1 7 12 32 87 19 46 68 15 38 94 85 54 88 34 77 
64 39 46 65 38 19 8 44 79 26 42 24 9 87 52 86 18 73 69 5 37 32 16 1 50 48 
65 100 55 36 90 14 33 60 64 27 32 69 92 86 56 76 68 31 75 8 85 42 93 9 2 25 62 
66 61 82 99 56 80 63 5 62 93 70 14 95 55 75 92 24 59 41 29 71 
67 96 94 63 81 32 55 41 50 89 75 53 100 88 46 47 51 11 30 21 71 91 15 
68 38 98 45 61 95 99 85 41 1 3 43 65 77 54 7 63 78 59 96 35 75 19 69 39 90 32 56 36 18 40 6 37 
69 42 41 43 85 77 84 40 63 78 65 50 9 2 25 33 94 8 76 64 68 11 22 29 92 87 100 54 
70 57 53 24 12 16 11 54 29 42 27 28 88 66 87 93 90 84 19 91 22 
71 31 10 28 12 84 72 33 35 17 21 52 67 86 76 99 30 66 87 
72 12 94 23 73 14 20 71 47 2 91 19 7 34 11 55 49 97 98 81 99 36 87 51 32 25 76 
73 57 99 72 11 7 52 54 14 51 76 93 29 83 58 15 60 28 17 64 31 82 74 
74 82 41 62 77 8 37 33 29 4 16 83 94 39 21 50 36 40 90 19 88 85 47 51 31 38 34 73 
75 34 29 54 82 2 11 27 47 67 46 52 93 32 36 86 65 19 44 81 23 33 61 68 66 9 84 39 
76 63 78 40 14 97 25 86 10 60 43 11 73 87 65 19 99 1 69 53 81 39 71 72 100 6 
77 9 13 19 55 74 69 21 29 5 51 93 68 80 25 52 2 27 14 42 63 
78 48 76 30 28 3 12 58 88 69 60 29 95 41 43 24 47 44 32 86 4 8 68 7 45 25 52 89 33 
79 33 41 87 83 85 37 14 90 13 91 12 32 50 64 99 53 56 52 28 55 21 62 35 34 95 25 57 6 
80 29 100 26 93 1 89 52 54 66 42 24 34 21 98 77 25 59 97 62 27 5 84 50 35 46 16 9 45 12 
81 90 67 95 15 96 6 31 39 99 42 46 94 72 75 32 30 9 40 47 76 82 59 50 
82 27 74 75 59 21 66 38 47 52 60 6 37 25 63 93 40 99 3 89 54 42 17 85 73 30 81 86 33 
83 36 44 56 18 79 86 46 8 33 48 73 24 37 27 30 74 90 97 50 12 26 96 53 22 
84 23 95 50 71 44 69 55 20 94 35 40 99 29 58 56 31 85 18 96 39 70 80 1 75 91 
85 49 11 48 69 79 18 68 45 10 41 29 95 96 65 27 84 34 63 82 74 52 
86 50 28 83 76 46 44 65 97 75 52 33 78 90 25 48 100 5 64 37 20 56 30 71 82 
87 79 7 49 58 76 39 9 26 100 5 70 63 23 35 91 56 64 6 72 53 92 17 97 69 71 
88 44 35 95 47 6 78 3 70 23 4 60 67 19 51 54 74 50 18 63 91 21 14 
89 27 50 40 14 80 67 61 46 19 30 36 29 95 38 82 11 60 22 48 51 33 8 78 44 3 
90 81 65 34 91 45 79 97 10 98 83 86 62 74 70 51 55 5 41 94 68 35 17 2 60 43 
91 90 19 72 60 79 50 58 32 2 1 20 49 87 96 21 33 88 23 84 70 67 92 
92 54 29 7 65 31 21 36 26 57 28 1 33 100 14 87 99 16 66 20 8 32 2 69 23 91 
93 50 47 33 59 6 96 11 45 14 80 97 73 75 62 82 66 77 46 3 70 38 65 94 44 60 56 55 31 
94 67 72 38 57 12 6 49 84 59 54 2 41 1 81 74 69 4 63 93 30 36 9 90 26 100 60 55 
95 84 51 81 49 88 20 36 68 52 99 78 40 89 85 30 66 39 97 50 22 79 14 29 12 59 
96 43 67 13 59 15 93 9 81 12 38 100 33 16 23 85 31 7 68 84 47 91 21 83 
97 26 76 17 7 93 9 90 86 5 46 72 80 22 14 99 20 83 95 2 33 18 87 
98 9 31 30 68 17 1 35 22 16 21 80 18 4 90 72 46 26 6 45 32 5 47 41 29 40 25 100 57 
99 73 60 16 63 68 3 66 57 59 62 95 56 54 84 24 1 81 18 20 82 48 79 26 43 97 76 72 4 92 71 58 53 39 
100 65 36 80 19 44 58 26 96 40 10 87 56 6 67 37 21 86 92 7 3 59 98 30 53 62 60 1 43 17 61 94 76 54 69 11 

# liczność w kolejnych dniach
99 1 0
99 1 0
99 1 0
99 1 0
99 1 0
99 1 0
99 0 1
99 0 1
99 0 1
99 0 1
99 0 1
99 0 1
99 0 1
99 0 1
99 0 1
99 0 1
99 0 1
99 0 1
99 0 1
99 0 1
99 0 1
99 0 1
99 0 1
99 0 1
99 0 1
99 0 1
99 0 1
99 0 1
99 0 1
99 0 1
99 0 1
99 0 1
99 0 1
99 0 1
99 0 1
99 0 1
99 0 1
99 0 1
99 0 1
99 0 1
99 0 1
99 0 1
99 0 1
99 0 1
99 0 1
99 0 1
99 0 1
99 0 1
99 0 1
99 0 1
99 0 1
99 0 1
99 0 1
99 0 1
99 0 1
99 0 1
99 0 1
99 0 1
99 0 1
99 0 1
99 0 1
99 0 1
99 0 1
99 0 1
99 0 1
99 0 1
99 0 1
99 0 1
99 0 1
99 0 1
99 0 1
99 0 1
99 0 1
99 0 1
99 0 1
99 0 1
99 0 1
99 0 1
99 0 1
99 0 1
99 0 1
99 0 1
99 0 1
99 0 1
99 0 1
99 0 1
99 0 1
99 0 1
99 0 1
99 0 1
99 0 1
99 0 1
99 0 1
99 0 1
99 0 1
99 0 1
99 0 1
99 0 1
99 0 1
99 0 1
